NUISANCE_PARAMETERS
SigXsecOverSM  6.67035e-06 +0.0794666 -0.0618221
tt_xsec  -2.63034e-05 +0.210752 -0.210752
vv_xsec  -6.42663e-05 +0.985316 -0.985316
gamma_stat_SR_bin_10  0.999995 +0.0781104 -0.0781104
gamma_stat_SR_bin_11  0.999987 +0.0732488 -0.0732488


CORRELATION_MATRIX
5   5
-0.156326   -0.0553956   -0.0426538   -0.103554   1   
0.0101794   -0.00523142   -0.123672   1   -0.103554   
0.00188344   -0.00639264   1   -0.123672   -0.0426538   
0.00878404   1   -0.00639264   -0.00523142   -0.0553956   
1   0.00878404   0.00188344   0.0101794   -0.156326   

